function fg = fg
%FG
%    FG = FG

%    This function was generated by the Symbolic Math Toolbox version 5.9.
%    14-Oct-2015 12:19:41

fg = [0.0;0.0;-9.81e-2;0.0;0.0;-9.81e-2;0.0;0.0;-9.81e-2;0.0;0.0;-9.81e-2;0.0;0.0;-9.81e-2;0.0;0.0;-9.81e-2;0.0;0.0;0.0;0.0;0.0;0.0;0.0;0.0;0.0;0.0;0.0;0.0;0.0;0.0;0.0;0.0;0.0;0.0];
